1 3 6 1 0 0 0 0 0 0 0 0 0 0 0 0 0 0 0
2 3 6 1 0 0 0 0 0 0 0 0 0 0 0 0 0 0 0
3 3 6 1 0 0 0 0 0 0 0 0 0 0 0 0 0 0 0
4 3 30 0 0 0 0 0 1 0 0 0 0 0 0 0 0 1 0
5 1 6 1 0 0 0 0 0 0 0 0 0 0 0 0 0 0 0
6 3 6 1 0 0 0 0 0 0 0 0 0 0 0 0 0 0 0
7 3 6 1 0 0 0 0 0 0 0 0 0 0 0 0 0 0 0
8 3 6 1 0 0 0 0 0 0 0 0 0 0 0 0 0 0 0
9 3 6 1 0 0 0 0 0 0 0 0 0 0 0 0 0 0 0
10 3 12 2 0 0 0 0 0 0 0 0 0 0 0 0 0 0 0
11 2 39 0 0 0 0 0 3 0 0 0 0 0 0 0 0 0 0
12 2 18 0 0 0 0 0 0 0 0 3 0 0 0 0 0 0 0
13 2 32 0 0 0 0 0 0 4 0 0 0 0 0 0 0 0 0
14 2 32 0 0 0 0 4 0 0 0 0 0 0 0 0 0 0 0
15 2 39 0 0 0 0 0 3 0 0 0 0 0 0 0 0 0 0
16 2 16 0 0 0 0 0 0 2 0 0 0 0 0 0 0 0 0
17 2 30 0 0 0 0 0 0 0 3 0 0 0 0 0 0 0 0
18 2 39 0 0 0 0 0 3 0 0 0 0 0 0 0 0 0 0
19 2 60 0 0 0 6 0 0 0 0 0 0 0 0 0 0 0 0
20 2 39 0 0 0 0 0 3 0 0 0 0 0 0 0 0 0 0
21 2 18 0 0 0 0 0 0 0 0 3 0 0 0 0 0 0 0
22 2 30 0 0 0 0 0 0 0 3 0 0 0 0 0 0 0 0
23 3 98 4 0 0 0 0 3 1 1 0 0 0 0 0 0 1 0
24 3 16 0 0 0 0 0 0 0 0 0 0 0 0 1 0 0 0
25 3 88 3 0 0 0 0 0 0 0 0 0 0 0 1 1 1 1
26 2 38 0 0 0 0 0 0 0 0 0 0 0 0 1 1 0 0
27 2 26 0 0 0 0 0 0 2 1 0 0 0 0 0 0 0 0
28 5 22 0 0 0 0 0 0 0 0 0 0 0 0 0 1 0 0
